ratio= 0.310447
ratio_std= 0.166727