ratio= 0.336378
ratio_std= 0.146433