ratio= 0.000000
ratio_std= 0.000000