ratio= 0.433313
ratio_std= 0.288313