ratio= 0.306879
ratio_std= 0.086715