ratio= 0.335517
ratio_std= 0.154520