ratio= 0.057799
ratio_std= 0.025664