ratio= 1.585097
ratio_std= 0.923087