ratio= 1.312688
ratio_std= 0.637636