ratio= 1.022296
ratio_std= 0.714759