ratio= 0.037563
ratio_std= 0.022577