ratio= 1.218107
ratio_std= 0.644734