ratio= 1.046477
ratio_std= 0.376934