ratio= 0.210689
ratio_std= 0.086690