ratio= 0.131538
ratio_std= 0.038306