ratio= 0.267466
ratio_std= 0.101461